*****Mean is medium or low:::Z(fMean; 130.00, 150.00, 170.00):::Z(fMean; 130.00, 150.00, 170.00)

fMean:::fMean:::fMean::::::attribute:::fMean:::0.000000:::255.000000:::::::::1;72.348709|2;87.106682|3;58.851124|4;43.296165|5;31.414444|6;32.735622|7;131.620575|8;109.804756|9;30.257425|10;45.109493|11;22.250000|12;27.104446|13;137.536057|14;40.703167|15;33.856697|16;34.734505|17;25.245914|18;32.184036|19;40.385307|20;74.819252|21;96.051476|22;49.088871|23;34.276459|24;20.714767|25;68.362755|26;114.896164|27;59.042271|28;107.810623|29;87.758949|30;53.261761

Z(fMean; 130.00, 150.00, 170.00):::Z(fMean; 130.00, 150.00, 170.00):::Mean is medium or low:::M.ML:::Z:::Z(fMean; 130.00, 150.00, 170.00):::0.000000:::1.000000:::fMean:::fMean:::1;1.000000|2;1.000000|3;1.000000|4;1.000000|5;1.000000|6;1.000000|7;0.996717|8;1.000000|9;1.000000|10;1.000000|11;1.000000|12;1.000000|13;0.929010|14;1.000000|15;1.000000|16;1.000000|17;1.000000|18;1.000000|19;1.000000|20;1.000000|21;1.000000|22;1.000000|23;1.000000|24;1.000000|25;1.000000|26;1.000000|27;1.000000|28;1.000000|29;1.000000|30;1.000000:::0.000000;1.000000|2.575758;1.000000|5.151515;1.000000|7.727273;1.000000|10.303030;1.000000|12.878788;1.000000|15.454545;1.000000|18.030302;1.000000|20.606060;1.000000|23.181818;1.000000|25.757576;1.000000|28.333332;1.000000|30.909090;1.000000|33.484848;1.000000|36.060604;1.000000|38.636364;1.000000|41.212120;1.000000|43.787876;1.000000|46.363636;1.000000|48.939392;1.000000|51.515152;1.000000|54.090908;1.000000|56.666664;1.000000|59.242424;1.000000|61.818180;1.000000|64.393936;1.000000|66.969696;1.000000|69.545456;1.000000|72.121208;1.000000|74.696968;1.000000|77.272728;1.000000|79.848480;1.000000|82.424240;1.000000|85.000000;1.000000|87.575752;1.000000|90.151512;1.000000|92.727272;1.000000|95.303024;1.000000|97.878784;1.000000|100.454544;1.000000|103.030304;1.000000|105.606056;1.000000|108.181816;1.000000|110.757576;1.000000|113.333328;1.000000|115.909088;1.000000|118.484848;1.000000|121.060600;1.000000|123.636360;1.000000|126.212120;1.000000|128.787872;1.000000|131.363632;0.997676|133.939392;0.980601|136.515152;0.946941|139.090912;0.896694|141.666656;0.829861|144.242416;0.746442|146.818176;0.646436|149.393936;0.529844|151.969696;0.406365|154.545456;0.298554|157.121201;0.207329|159.696960;0.132691|162.272720;0.074639|164.848480;0.033173|167.424240;0.008293|170.000000;0.000000|172.575760;0.000000|175.151505;0.000000|177.727264;0.000000|180.303024;0.000000|182.878784;0.000000|185.454544;0.000000|188.030304;0.000000|190.606049;0.000000|193.181808;0.000000|195.757568;0.000000|198.333328;0.000000|200.909088;0.000000|203.484848;0.000000|206.060608;0.000000|208.636353;0.000000|211.212112;0.000000|213.787872;0.000000|216.363632;0.000000|218.939392;0.000000|221.515152;0.000000|224.090897;0.000000|226.666656;0.000000|229.242416;0.000000|231.818176;0.000000|234.393936;0.000000|236.969696;0.000000|239.545441;0.000000|242.121201;0.000000|244.696960;0.000000|247.272720;0.000000|249.848480;0.000000|252.424240;0.000000|255.000000;0.000000:::130.000000|150.000000|170.000000:::fMean

*****DMP scale is low:::Z(fAvrgDMPScale; 7.00, 8.00, 9.00):::Z(fAvrgDMPScale; 7.00, 8.00, 9.00)

fAvrgDMPScale:::fAvrgDMPScale:::fAvrgDMPScale::::::attribute:::fAvrgDMPScale:::0.000000:::35.000000:::::::::1;7.239355|2;29.269567|3;1.393258|4;30.413927|5;14.271389|6;29.692947|7;1.563773|8;3.051533|9;14.955827|10;30.228155|11;7.897213|12;15.653567|13;1.698523|14;13.577131|15;16.081293|16;29.343384|17;14.871471|18;30.550924|19;7.488386|20;7.605199|21;14.929934|22;28.295135|23;14.767557|24;15.081977|25;15.338441|26;7.722531|27;29.516785|28;28.068272|29;7.918159|30;26.857738

Z(fAvrgDMPScale; 7.00, 8.00, 9.00):::Z(fAvrgDMPScale; 7.00, 8.00, 9.00):::DMP scale is low:::DMP.L:::Z:::Z(fAvrgDMPScale; 7.00, 8.00, 9.00):::0.000000:::1.000000:::fAvrgDMPScale:::fAvrgDMPScale:::1;0.971355|2;0.000000|3;1.000000|4;0.000000|5;0.000000|6;0.000000|7;1.000000|8;1.000000|9;0.000000|10;0.000000|11;0.597505|12;0.000000|13;1.000000|14;0.000000|15;0.000000|16;0.000000|17;0.000000|18;0.000000|19;0.880740|20;0.816867|21;0.000000|22;0.000000|23;0.000000|24;0.000000|25;0.000000|26;0.738975|27;0.000000|28;0.000000|29;0.578492|30;0.000000:::0.000000;1.000000|0.353535;1.000000|0.707071;1.000000|1.060606;1.000000|1.414141;1.000000|1.767677;1.000000|2.121212;1.000000|2.474747;1.000000|2.828283;1.000000|3.181818;1.000000|3.535354;1.000000|3.888889;1.000000|4.242424;1.000000|4.595960;1.000000|4.949495;1.000000|5.303030;1.000000|5.656566;1.000000|6.010101;1.000000|6.363636;1.000000|6.717172;1.000000|7.070707;0.997500|7.424242;0.910009|7.777778;0.697531|8.131313;0.377308|8.484848;0.132691|8.838384;0.013060|9.191919;0.000000|9.545455;0.000000|9.898990;0.000000|10.252525;0.000000|10.606061;0.000000|10.959596;0.000000|11.313131;0.000000|11.666667;0.000000|12.020202;0.000000|12.373737;0.000000|12.727273;0.000000|13.080808;0.000000|13.434343;0.000000|13.787879;0.000000|14.141415;0.000000|14.494949;0.000000|14.848485;0.000000|15.202021;0.000000|15.555555;0.000000|15.909091;0.000000|16.262627;0.000000|16.616161;0.000000|16.969696;0.000000|17.323233;0.000000|17.676767;0.000000|18.030304;0.000000|18.383839;0.000000|18.737373;0.000000|19.090910;0.000000|19.444445;0.000000|19.797979;0.000000|20.151516;0.000000|20.505051;0.000000|20.858585;0.000000|21.212122;0.000000|21.565657;0.000000|21.919191;0.000000|22.272728;0.000000|22.626263;0.000000|22.979797;0.000000|23.333334;0.000000|23.686869;0.000000|24.040403;0.000000|24.393940;0.000000|24.747475;0.000000|25.101009;0.000000|25.454546;0.000000|25.808081;0.000000|26.161615;0.000000|26.515152;0.000000|26.868687;0.000000|27.222221;0.000000|27.575758;0.000000|27.929293;0.000000|28.282829;0.000000|28.636364;0.000000|28.989899;0.000000|29.343435;0.000000|29.696970;0.000000|30.050505;0.000000|30.404041;0.000000|30.757576;0.000000|31.111111;0.000000|31.464647;0.000000|31.818182;0.000000|32.171719;0.000000|32.525253;0.000000|32.878788;0.000000|33.232323;0.000000|33.585857;0.000000|33.939392;0.000000|34.292931;0.000000|34.646465;0.000000|35.000000;0.000000:::7.000000|8.000000|9.000000:::fAvrgDMPScale

*****Contrast is medium or low:::Z(fAverageContrastAlongBoundary; 130.00, 150.00, 170.00):::Z(fAverageContrastAlongBoundary; 130.00, 150.00, 170.00)

fAverageContrastAlongBoundary:::fAverageContrastAlongBoundary:::fAverageContrastAlongBoundary::::::attribute:::fAverageContrastAlongBoundary:::0.000000:::80.000000:::::::::1;47.273514|2;29.384644|3;39.646599|4;43.140289|5;38.863503|6;32.595596|7;24.679352|8;32.394104|9;29.018379|10;39.334930|11;34.341217|12;40.475349|13;35.430405|14;42.138908|15;43.091377|16;37.053329|17;45.922058|18;43.342468|19;42.865662|20;45.726501|21;38.494431|22;42.510895|23;56.676994|24;36.014641|25;59.827576|26;35.273392|27;37.549103|28;32.609222|29;36.988129|30;40.119873

Z(fAverageContrastAlongBoundary; 130.00, 150.00, 170.00):::Z(fAverageContrastAlongBoundary; 130.00, 150.00, 170.00):::Contrast is medium or low:::CO.ML:::Z:::Z(fAverageContrastAlongBoundary; 130.00, 150.00, 170.00):::0.000000:::1.000000:::fAverageContrastAlongBoundary:::fAverageContrastAlongBoundary:::1;1.000000|2;1.000000|3;1.000000|4;1.000000|5;1.000000|6;1.000000|7;1.000000|8;1.000000|9;1.000000|10;1.000000|11;1.000000|12;1.000000|13;1.000000|14;1.000000|15;1.000000|16;1.000000|17;1.000000|18;1.000000|19;1.000000|20;1.000000|21;1.000000|22;1.000000|23;1.000000|24;1.000000|25;1.000000|26;1.000000|27;1.000000|28;1.000000|29;1.000000|30;1.000000:::0.000000;1.000000|0.808081;1.000000|1.616162;1.000000|2.424242;1.000000|3.232323;1.000000|4.040404;1.000000|4.848485;1.000000|5.656566;1.000000|6.464646;1.000000|7.272727;1.000000|8.080808;1.000000|8.888888;1.000000|9.696970;1.000000|10.505051;1.000000|11.313131;1.000000|12.121212;1.000000|12.929293;1.000000|13.737373;1.000000|14.545454;1.000000|15.353535;1.000000|16.161615;1.000000|16.969696;1.000000|17.777777;1.000000|18.585857;1.000000|19.393940;1.000000|20.202021;1.000000|21.010101;1.000000|21.818182;1.000000|22.626263;1.000000|23.434343;1.000000|24.242424;1.000000|25.050505;1.000000|25.858585;1.000000|26.666666;1.000000|27.474747;1.000000|28.282827;1.000000|29.090908;1.000000|29.898989;1.000000|30.707069;1.000000|31.515150;1.000000|32.323231;1.000000|33.131313;1.000000|33.939392;1.000000|34.747475;1.000000|35.555553;1.000000|36.363636;1.000000|37.171715;1.000000|37.979797;1.000000|38.787880;1.000000|39.595959;1.000000|40.404041;1.000000|41.212120;1.000000|42.020203;1.000000|42.828281;1.000000|43.636364;1.000000|44.444443;1.000000|45.252525;1.000000|46.060604;1.000000|46.868687;1.000000|47.676765;1.000000|48.484848;1.000000|49.292927;1.000000|50.101009;1.000000|50.909088;1.000000|51.717171;1.000000|52.525253;1.000000|53.333332;1.000000|54.141415;1.000000|54.949493;1.000000|55.757576;1.000000|56.565655;1.000000|57.373737;1.000000|58.181816;1.000000|58.989899;1.000000|59.797977;1.000000|60.606060;1.000000|61.414139;1.000000|62.222221;1.000000|63.030300;1.000000|63.838383;1.000000|64.646461;1.000000|65.454544;1.000000|66.262627;1.000000|67.070709;1.000000|67.878784;1.000000|68.686867;1.000000|69.494949;1.000000|70.303032;1.000000|71.111107;1.000000|71.919189;1.000000|72.727272;1.000000|73.535355;1.000000|74.343430;1.000000|75.151512;1.000000|75.959595;1.000000|76.767677;1.000000|77.575760;1.000000|78.383835;1.000000|79.191917;1.000000|80.000000;1.000000:::130.000000|150.000000|170.000000:::fAverageContrastAlongBoundary

*****Area is low:::Z(iArea; 75.00, 100.00, 125.00):::Z(iArea; 75.00, 100.00, 125.00)

iArea:::iArea:::iArea::::::attribute:::iArea:::0.000000:::6000.000000:::::::::1;3100.000000|2;3309.000000|3;356.000000|4;5112.000000|5;2174.000000|6;2765.000000|7;933.000000|8;4502.000000|9;2626.000000|10;3708.000000|11;1148.000000|12;1934.000000|13;1151.000000|14;3507.000000|15;3838.000000|16;2388.000000|17;2692.000000|18;4222.000000|19;3444.000000|20;2462.000000|21;4196.000000|22;3927.000000|23;4044.000000|24;1781.000000|25;6004.000000|26;4141.000000|27;4826.000000|28;3823.000000|29;1564.000000|30;5272.000000

Z(iArea; 75.00, 100.00, 125.00):::Z(iArea; 75.00, 100.00, 125.00):::Area is low:::A.L:::Z:::Z(iArea; 75.00, 100.00, 125.00):::0.000000:::1.000000:::iArea:::iArea:::1;0.000000|2;0.000000|3;0.000000|4;0.000000|5;0.000000|6;0.000000|7;0.000000|8;0.000000|9;0.000000|10;0.000000|11;0.000000|12;0.000000|13;0.000000|14;0.000000|15;0.000000|16;0.000000|17;0.000000|18;0.000000|19;0.000000|20;0.000000|21;0.000000|22;0.000000|23;0.000000|24;0.000000|25;0.000000|26;0.000000|27;0.000000|28;0.000000|29;0.000000|30;0.000000:::0.000000;1.000000|60.606060;1.000000|121.212120;0.011478|181.818176;0.000000|242.424240;0.000000|303.030304;0.000000|363.636353;0.000000|424.242432;0.000000|484.848480;0.000000|545.454529;0.000000|606.060608;0.000000|666.666687;0.000000|727.272705;0.000000|787.878784;0.000000|848.484863;0.000000|909.090881;0.000000|969.696960;0.000000|1030.302979;0.000000|1090.909058;0.000000|1151.515137;0.000000|1212.121216;0.000000|1272.727295;0.000000|1333.333374;0.000000|1393.939331;0.000000|1454.545410;0.000000|1515.151489;0.000000|1575.757568;0.000000|1636.363647;0.000000|1696.969727;0.000000|1757.575684;0.000000|1818.181763;0.000000|1878.787842;0.000000|1939.393921;0.000000|2000.000000;0.000000|2060.605957;0.000000|2121.212158;0.000000|2181.818115;0.000000|2242.424316;0.000000|2303.030273;0.000000|2363.636230;0.000000|2424.242432;0.000000|2484.848389;0.000000|2545.454590;0.000000|2606.060547;0.000000|2666.666748;0.000000|2727.272705;0.000000|2787.878662;0.000000|2848.484863;0.000000|2909.090820;0.000000|2969.697021;0.000000|3030.302979;0.000000|3090.909180;0.000000|3151.515137;0.000000|3212.121094;0.000000|3272.727295;0.000000|3333.333252;0.000000|3393.939453;0.000000|3454.545410;0.000000|3515.151367;0.000000|3575.757568;0.000000|3636.363525;0.000000|3696.969727;0.000000|3757.575684;0.000000|3818.181885;0.000000|3878.787842;0.000000|3939.393799;0.000000|4000.000000;0.000000|4060.605957;0.000000|4121.211914;0.000000|4181.818359;0.000000|4242.424316;0.000000|4303.030273;0.000000|4363.636230;0.000000|4424.242188;0.000000|4484.848633;0.000000|4545.454590;0.000000|4606.060547;0.000000|4666.666504;0.000000|4727.272461;0.000000|4787.878906;0.000000|4848.484863;0.000000|4909.090820;0.000000|4969.696777;0.000000|5030.303223;0.000000|5090.909180;0.000000|5151.515137;0.000000|5212.121094;0.000000|5272.727051;0.000000|5333.333496;0.000000|5393.939453;0.000000|5454.545410;0.000000|5515.151367;0.000000|5575.757324;0.000000|5636.363770;0.000000|5696.969727;0.000000|5757.575684;0.000000|5818.181641;0.000000|5878.787598;0.000000|5939.394043;0.000000|6000.000000;0.000000:::75.000000|100.000000|125.000000:::iArea

*****Angle is medium or low:::Z(fAnglOrntdMERInDegree; 130.00, 150.00, 170.00):::Z(fAnglOrntdMERInDegree; 130.00, 150.00, 170.00)

fAnglOrntdMERInDegree:::fAnglOrntdMERInDegree:::fAnglOrntdMERInDegree::::::attribute:::fAnglOrntdMERInDegree:::-180.000000:::180.000000:::::::::1;-114.285919|2;-163.909317|3;-3.366463|4;116.029686|5;-20.136320|6;157.457077|7;8.630810|8;-63.004219|9;148.392624|10;-130.400024|11;93.179909|12;0.000000|13;55.548111|14;-116.565147|15;-100.008064|16;-61.631008|17;122.592682|18;3.691389|19;91.145836|20;-28.855684|21;-155.772385|22;37.568623|23;-115.346268|24;90.000000|25;177.614212|26;-80.340172|27;-95.710678|28;142.028519|29;61.660915|30;-115.346268

Z(fAnglOrntdMERInDegree; 130.00, 150.00, 170.00):::Z(fAnglOrntdMERInDegree; 130.00, 150.00, 170.00):::Angle is medium or low:::AN.ML:::Z:::Z(fAnglOrntdMERInDegree; 130.00, 150.00, 170.00):::0.000000:::1.000000:::fAnglOrntdMERInDegree:::fAnglOrntdMERInDegree:::1;1.000000|2;1.000000|3;1.000000|4;1.000000|5;1.000000|6;0.196656|7;1.000000|8;1.000000|9;0.577139|10;1.000000|11;1.000000|12;1.000000|13;1.000000|14;1.000000|15;1.000000|16;1.000000|17;1.000000|18;1.000000|19;1.000000|20;1.000000|21;1.000000|22;1.000000|23;1.000000|24;1.000000|25;0.000000|26;1.000000|27;1.000000|28;0.819143|29;1.000000|30;1.000000:::-180.000000;1.000000|-176.363632;1.000000|-172.727280;1.000000|-169.090912;1.000000|-165.454544;1.000000|-161.818176;1.000000|-158.181824;1.000000|-154.545456;1.000000|-150.909088;1.000000|-147.272736;1.000000|-143.636368;1.000000|-140.000000;1.000000|-136.363632;1.000000|-132.727264;1.000000|-129.090912;1.000000|-125.454544;1.000000|-121.818176;1.000000|-118.181816;1.000000|-114.545456;1.000000|-110.909088;1.000000|-107.272728;1.000000|-103.636360;1.000000|-100.000000;1.000000|-96.363632;1.000000|-92.727272;1.000000|-89.090904;1.000000|-85.454544;1.000000|-81.818176;1.000000|-78.181816;1.000000|-74.545448;1.000000|-70.909088;1.000000|-67.272720;1.000000|-63.636360;1.000000|-60.000000;1.000000|-56.363632;1.000000|-52.727272;1.000000|-49.090912;1.000000|-45.454544;1.000000|-41.818176;1.000000|-38.181808;1.000000|-34.545456;1.000000|-30.909088;1.000000|-27.272720;1.000000|-23.636353;1.000000|-20.000000;1.000000|-16.363632;1.000000|-12.727264;1.000000|-9.090897;1.000000|-5.454544;1.000000|-1.818176;1.000000|1.818192;1.000000|5.454544;1.000000|9.090912;1.000000|12.727280;1.000000|16.363647;1.000000|20.000000;1.000000|23.636368;1.000000|27.272736;1.000000|30.909103;1.000000|34.545456;1.000000|38.181824;1.000000|41.818192;1.000000|45.454559;1.000000|49.090912;1.000000|52.727280;1.000000|56.363647;1.000000|60.000000;1.000000|63.636368;1.000000|67.272736;1.000000|70.909103;1.000000|74.545456;1.000000|78.181824;1.000000|81.818176;1.000000|85.454559;1.000000|89.090912;1.000000|92.727295;1.000000|96.363647;1.000000|100.000000;1.000000|103.636383;1.000000|107.272736;1.000000|110.909088;1.000000|114.545471;1.000000|118.181824;1.000000|121.818176;1.000000|125.454559;1.000000|129.090912;1.000000|132.727295;0.990702|136.363647;0.949380|140.000000;0.875000|143.636383;0.767561|147.272736;0.627066|150.909088;0.455579|154.545471;0.298553|158.181824;0.174587|161.818207;0.083677|165.454559;0.025826|169.090912;0.001033|172.727295;0.000000|176.363647;0.000000|180.000000;0.000000:::130.000000|150.000000|170.000000:::fAnglOrntdMERInDegree

*****StrghtnssOfBoundrs is high:::S(fStrghtnssOfBoundrs; 0.50, 0.55, 0.60):::S(fStrghtnssOfBoundrs; 0.50, 0.55, 0.60)

fStrghtnssOfBoundrs:::fStrghtnssOfBoundrs:::fStrghtnssOfBoundrs::::::attribute:::fStrghtnssOfBoundrs:::0.000000:::1.000000:::::::::1;0.797601|2;0.703030|3;0.933921|4;0.948819|5;0.812658|6;0.824324|7;0.950867|8;0.703748|9;0.834270|10;0.923345|11;0.945274|12;0.863388|13;0.954225|14;0.804167|15;0.804455|16;0.807018|17;0.798107|18;0.864662|19;0.834405|20;0.804435|21;0.890467|22;0.687747|23;0.807175|24;0.954955|25;0.879581|26;0.864407|27;0.789189|28;0.801653|29;0.927126|30;0.818991

S(fStrghtnssOfBoundrs; 0.50, 0.55, 0.60):::S(fStrghtnssOfBoundrs; 0.50, 0.55, 0.60):::StrghtnssOfBoundrs is high:::St.H:::S:::S(fStrghtnssOfBoundrs; 0.50, 0.55, 0.60):::0.000000:::1.000000:::fStrghtnssOfBoundrs:::fStrghtnssOfBoundrs:::1;1.000000|2;1.000000|3;1.000000|4;1.000000|5;1.000000|6;1.000000|7;1.000000|8;1.000000|9;1.000000|10;1.000000|11;1.000000|12;1.000000|13;1.000000|14;1.000000|15;1.000000|16;1.000000|17;1.000000|18;1.000000|19;1.000000|20;1.000000|21;1.000000|22;1.000000|23;1.000000|24;1.000000|25;1.000000|26;1.000000|27;1.000000|28;1.000000|29;1.000000|30;1.000000:::0.000000;0.000000|0.010101;0.000000|0.020202;0.000000|0.030303;0.000000|0.040404;0.000000|0.050505;0.000000|0.060606;0.000000|0.070707;0.000000|0.080808;0.000000|0.090909;0.000000|0.101010;0.000000|0.111111;0.000000|0.121212;0.000000|0.131313;0.000000|0.141414;0.000000|0.151515;0.000000|0.161616;0.000000|0.171717;0.000000|0.181818;0.000000|0.191919;0.000000|0.202020;0.000000|0.212121;0.000000|0.222222;0.000000|0.232323;0.000000|0.242424;0.000000|0.252525;0.000000|0.262626;0.000000|0.272727;0.000000|0.282828;0.000000|0.292929;0.000000|0.303030;0.000000|0.313131;0.000000|0.323232;0.000000|0.333333;0.000000|0.343434;0.000000|0.353535;0.000000|0.363636;0.000000|0.373737;0.000000|0.383838;0.000000|0.393939;0.000000|0.404040;0.000000|0.414141;0.000000|0.424242;0.000000|0.434343;0.000000|0.444444;0.000000|0.454545;0.000000|0.464646;0.000000|0.474747;0.000000|0.484848;0.000000|0.494949;0.000000|0.505050;0.005101|0.515152;0.045914|0.525253;0.127538|0.535354;0.249974|0.545455;0.413223|0.555556;0.604939|0.565657;0.764105|0.575758;0.882461|0.585859;0.960004|0.595960;0.996735|0.606061;1.000000|0.616162;1.000000|0.626263;1.000000|0.636364;1.000000|0.646465;1.000000|0.656566;1.000000|0.666667;1.000000|0.676768;1.000000|0.686869;1.000000|0.696970;1.000000|0.707071;1.000000|0.717172;1.000000|0.727273;1.000000|0.737374;1.000000|0.747475;1.000000|0.757576;1.000000|0.767677;1.000000|0.777778;1.000000|0.787879;1.000000|0.797980;1.000000|0.808081;1.000000|0.818182;1.000000|0.828283;1.000000|0.838384;1.000000|0.848485;1.000000|0.858586;1.000000|0.868687;1.000000|0.878788;1.000000|0.888889;1.000000|0.898990;1.000000|0.909091;1.000000|0.919192;1.000000|0.929293;1.000000|0.939394;1.000000|0.949495;1.000000|0.959596;1.000000|0.969697;1.000000|0.979798;1.000000|0.989899;1.000000|1.000000;1.000000:::0.500000|0.550000|0.600000:::fStrghtnssOfBoundrs

*****Significant holes:::Z(fCombinedSmplConnctivty; 0.20, 0.50, 0.90):::Z(fCombinedSmplConnctivty; 0.20, 0.50, 0.90)

fCombinedSmplConnctivty:::fCombinedSmplConnctivty:::fCombinedSmplConnctivty::::::attribute:::fCombinedSmplConnctivty:::0.000000:::1.000000:::::::::1;0.975952|2;1.000000|3;0.905660|4;1.000000|5;1.000000|6;1.000000|7;0.719723|8;0.695018|9;1.000000|10;1.000000|11;1.000000|12;1.000000|13;0.828889|14;0.853846|15;1.000000|16;1.000000|17;1.000000|18;1.000000|19;0.878000|20;1.000000|21;0.906173|22;1.000000|23;0.938462|24;1.000000|25;0.939535|26;0.965385|27;1.000000|28;1.000000|29;1.000000|30;1.000000

Z(fCombinedSmplConnctivty; 0.20, 0.50, 0.90):::Z(fCombinedSmplConnctivty; 0.20, 0.50, 0.90):::Significant holes:::SCC.L:::Z:::Z(fCombinedSmplConnctivty; 0.20, 0.50, 0.90):::0.000000:::1.000000:::fCombinedSmplConnctivty:::fCombinedSmplConnctivty:::1;0.000000|2;0.000000|3;0.000000|4;0.000000|5;0.000000|6;0.000000|7;0.101562|8;0.131305|9;0.000000|10;0.000000|11;0.000000|12;0.000000|13;0.015802|14;0.006657|15;0.000000|16;0.000000|17;0.000000|18;0.000000|19;0.001512|20;0.000000|21;0.000000|22;0.000000|23;0.000000|24;0.000000|25;0.000000|26;0.000000|27;0.000000|28;0.000000|29;0.000000|30;0.000000:::0.000000;1.000000|0.010101;1.000000|0.020202;1.000000|0.030303;1.000000|0.040404;1.000000|0.050505;1.000000|0.060606;1.000000|0.070707;1.000000|0.080808;1.000000|0.090909;1.000000|0.101010;1.000000|0.111111;1.000000|0.121212;1.000000|0.131313;1.000000|0.141414;1.000000|0.151515;1.000000|0.161616;1.000000|0.171717;1.000000|0.181818;1.000000|0.191919;1.000000|0.202020;0.999977|0.212121;0.999184|0.222222;0.997257|0.232323;0.994196|0.242424;0.990001|0.252525;0.984673|0.262626;0.978211|0.272727;0.970615|0.282828;0.961886|0.292929;0.952023|0.303030;0.941026|0.313131;0.928896|0.323232;0.915632|0.333333;0.901235|0.343434;0.885703|0.353535;0.869038|0.363636;0.851240|0.373737;0.832307|0.383838;0.812241|0.393939;0.791042|0.404040;0.768708|0.414141;0.745241|0.424242;0.720641|0.434343;0.694906|0.444444;0.668038|0.454545;0.640037|0.464646;0.610901|0.474747;0.580632|0.484848;0.549230|0.494949;0.516693|0.505050;0.487453|0.515152;0.462839|0.525253;0.438861|0.535354;0.415522|0.545455;0.392820|0.555556;0.370756|0.565657;0.349330|0.575758;0.328541|0.585859;0.308390|0.595960;0.288877|0.606061;0.270001|0.616162;0.251763|0.626263;0.234163|0.636364;0.217200|0.646465;0.200876|0.656566;0.185188|0.666667;0.170139|0.676768;0.155727|0.686869;0.141953|0.696970;0.128817|0.707071;0.116318|0.717172;0.104457|0.727273;0.093233|0.737374;0.082648|0.747475;0.072700|0.757576;0.063390|0.767677;0.054717|0.777778;0.046682|0.787879;0.039285|0.797980;0.032525|0.808081;0.026404|0.818182;0.020919|0.828283;0.016073|0.838384;0.011864|0.848485;0.008293|0.858586;0.005360|0.868687;0.003064|0.878788;0.001406|0.888889;0.000386|0.898990;0.000003|0.909091;0.000000|0.919192;0.000000|0.929293;0.000000|0.939394;0.000000|0.949495;0.000000|0.959596;0.000000|0.969697;0.000000|0.979798;0.000000|0.989899;0.000000|1.000000;0.000000:::0.200000|0.500000|0.900000:::fCombinedSmplConnctivty

*****RndnssAndNoHole is medium or high:::S(fRndnssAndNoHole; 0.30, 0.35, 0.40):::S(fRndnssAndNoHole; 0.30, 0.35, 0.40)

fRndnssAndNoHole:::fRndnssAndNoHole:::fRndnssAndNoHole::::::attribute:::fRndnssAndNoHole:::0.000000:::1.000000:::::::::1;0.223157|2;0.506819|3;0.237333|4;0.752613|5;0.346663|6;0.653208|7;0.211384|8;0.163055|9;0.392678|10;0.588342|11;0.546486|12;0.698052|13;0.150784|14;0.303692|15;0.428731|16;0.517113|17;0.484902|18;0.714032|19;0.234742|20;0.296230|21;0.319884|22;0.349113|23;0.391338|24;0.578108|25;0.360398|26;0.247502|27;0.501584|28;0.483050|29;0.409818|30;0.620586

S(fRndnssAndNoHole; 0.30, 0.35, 0.40):::S(fRndnssAndNoHole; 0.30, 0.35, 0.40):::RndnssAndNoHole is medium or high:::Ro.MH:::S:::S(fRndnssAndNoHole; 0.30, 0.35, 0.40):::0.000000:::1.000000:::fRndnssAndNoHole:::fRndnssAndNoHole:::1;0.000000|2;1.000000|3;0.000000|4;1.000000|5;0.435487|6;1.000000|7;0.000000|8;0.000000|9;0.989278|10;1.000000|11;1.000000|12;1.000000|13;0.000000|14;0.002726|15;1.000000|16;1.000000|17;1.000000|18;1.000000|19;0.000000|20;0.000000|21;0.079076|22;0.482417|23;0.984995|24;1.000000|25;0.686330|26;0.000000|27;1.000000|28;1.000000|29;1.000000|30;1.000000:::0.000000;0.000000|0.010101;0.000000|0.020202;0.000000|0.030303;0.000000|0.040404;0.000000|0.050505;0.000000|0.060606;0.000000|0.070707;0.000000|0.080808;0.000000|0.090909;0.000000|0.101010;0.000000|0.111111;0.000000|0.121212;0.000000|0.131313;0.000000|0.141414;0.000000|0.151515;0.000000|0.161616;0.000000|0.171717;0.000000|0.181818;0.000000|0.191919;0.000000|0.202020;0.000000|0.212121;0.000000|0.222222;0.000000|0.232323;0.000000|0.242424;0.000000|0.252525;0.000000|0.262626;0.000000|0.272727;0.000000|0.282828;0.000000|0.292929;0.000000|0.303030;0.001837|0.313131;0.034486|0.323232;0.107948|0.333333;0.222222|0.343434;0.377308|0.353535;0.568207|0.363636;0.735537|0.373737;0.862055|0.383838;0.947760|0.393939;0.992654|0.404040;1.000000|0.414141;1.000000|0.424242;1.000000|0.434343;1.000000|0.444444;1.000000|0.454545;1.000000|0.464646;1.000000|0.474747;1.000000|0.484848;1.000000|0.494949;1.000000|0.505050;1.000000|0.515152;1.000000|0.525253;1.000000|0.535354;1.000000|0.545455;1.000000|0.555556;1.000000|0.565657;1.000000|0.575758;1.000000|0.585859;1.000000|0.595960;1.000000|0.606061;1.000000|0.616162;1.000000|0.626263;1.000000|0.636364;1.000000|0.646465;1.000000|0.656566;1.000000|0.666667;1.000000|0.676768;1.000000|0.686869;1.000000|0.696970;1.000000|0.707071;1.000000|0.717172;1.000000|0.727273;1.000000|0.737374;1.000000|0.747475;1.000000|0.757576;1.000000|0.767677;1.000000|0.777778;1.000000|0.787879;1.000000|0.797980;1.000000|0.808081;1.000000|0.818182;1.000000|0.828283;1.000000|0.838384;1.000000|0.848485;1.000000|0.858586;1.000000|0.868687;1.000000|0.878788;1.000000|0.888889;1.000000|0.898990;1.000000|0.909091;1.000000|0.919192;1.000000|0.929293;1.000000|0.939394;1.000000|0.949495;1.000000|0.959596;1.000000|0.969697;1.000000|0.979798;1.000000|0.989899;1.000000|1.000000;1.000000:::0.300000|0.350000|0.400000:::fRndnssAndNoHole

*****ApprxRctnglrty (Shackelford and Davis) is high:::S(fApproximateRectangularityShackAndDavis; 0.00, 0.50, 1.00):::S(fApproximateRectangularityShackAndDavis; 0.00, 0.50, 1.00)

fApproximateRectangularityShackAndDavis:::fApproximateRectangularityShackAndDavis:::fApproximateRectangularityShackAndDavis::::::attribute:::fApproximateRectangularityShackAndDavis:::0.000000:::1.000000:::::::::1;0.000000|2;0.000000|3;0.000000|4;0.308909|5;0.000000|6;0.000000|7;0.000000|8;0.000000|9;0.000000|10;0.000000|11;0.000000|12;0.655840|13;0.571365|14;0.000000|15;0.000000|16;0.020000|17;0.000000|18;0.000000|19;0.000000|20;0.000000|21;0.000000|22;0.000000|23;0.000000|24;0.000000|25;0.000000|26;0.000000|27;0.692162|28;0.000000|29;0.000000|30;0.040172

S(fApproximateRectangularityShackAndDavis; 0.00, 0.50, 1.00):::S(fApproximateRectangularityShackAndDavis; 0.00, 0.50, 1.00):::ApprxRctnglrty (Shackelford and Davis) is high:::AR.H:::S:::S(fApproximateRectangularityShackAndDavis; 0.00, 0.50, 1.00):::0.000000:::1.000000:::fApproximateRectangularityShackAndDavis:::fApproximateRectangularityShackAndDavis:::1;0.000000|2;0.000000|3;0.000000|4;0.190850|5;0.000000|6;0.000000|7;0.000000|8;0.000000|9;0.000000|10;0.000000|11;0.000000|12;0.763107|13;0.632543|14;0.000000|15;0.000000|16;0.000800|17;0.000000|18;0.000000|19;0.000000|20;0.000000|21;0.000000|22;0.000000|23;0.000000|24;0.000000|25;0.000000|26;0.000000|27;0.810471|28;0.000000|29;0.000000|30;0.003228:::0.000000;0.000000|0.010101;0.000204|0.020202;0.000816|0.030303;0.001837|0.040404;0.003265|0.050505;0.005102|0.060606;0.007346|0.070707;0.009999|0.080808;0.013060|0.090909;0.016529|0.101010;0.020406|0.111111;0.024691|0.121212;0.029385|0.131313;0.034486|0.141414;0.039996|0.151515;0.045914|0.161616;0.052240|0.171717;0.058974|0.181818;0.066116|0.191919;0.073666|0.202020;0.081624|0.212121;0.089991|0.222222;0.098765|0.232323;0.107948|0.242424;0.117539|0.252525;0.127538|0.262626;0.137945|0.272727;0.148760|0.282828;0.159984|0.292929;0.171615|0.303030;0.183655|0.313131;0.196102|0.323232;0.208958|0.333333;0.222222|0.343434;0.235894|0.353535;0.249974|0.363636;0.264463|0.373737;0.279359|0.383838;0.294664|0.393939;0.310377|0.404040;0.326497|0.414141;0.343026|0.424242;0.359963|0.434343;0.377308|0.444444;0.395062|0.454545;0.413223|0.464646;0.431793|0.474747;0.450770|0.484848;0.470156|0.494949;0.489950|0.505050;0.510050|0.515152;0.529844|0.525253;0.549230|0.535354;0.568207|0.545455;0.586777|0.555556;0.604938|0.565657;0.622692|0.575758;0.640037|0.585859;0.656974|0.595960;0.673503|0.606061;0.689624|0.616162;0.705336|0.626263;0.720641|0.636364;0.735537|0.646465;0.750026|0.656566;0.764106|0.666667;0.777778|0.676768;0.791042|0.686869;0.803898|0.696970;0.816345|0.707071;0.828385|0.717172;0.840016|0.727273;0.851240|0.737374;0.862055|0.747475;0.872462|0.757576;0.882461|0.767677;0.892052|0.777778;0.901235|0.787879;0.910009|0.797980;0.918376|0.808081;0.926334|0.818182;0.933884|0.828283;0.941026|0.838384;0.947760|0.848485;0.954086|0.858586;0.960004|0.868687;0.965514|0.878788;0.970615|0.888889;0.975309|0.898990;0.979594|0.909091;0.983471|0.919192;0.986940|0.929293;0.990001|0.939394;0.992654|0.949495;0.994898|0.959596;0.996735|0.969697;0.998163|0.979798;0.999184|0.989899;0.999796|1.000000;1.000000:::0.000000|0.500000|1.000000:::fApproximateRectangularityShackAndDavis

*****Elngtdnss is high:::PI(fElngtdnss; 6.50, 7.00, 7.50, 30.00, 35.00, 40.00):::PI(fElngtdnss; 6.50, 7.00, 7.50, 30.00, 35.00, 40.00)

fElngtdnss:::fElngtdnss:::fElngtdnss::::::attribute:::fElngtdnss:::0.000000:::60.000000:::::::::1;34.179428|2;2.150832|3;46.143139|4;1.306828|5;1.989855|6;3.470494|7;65.117386|8;125.636940|9;2.108246|10;1.409962|11;5.517885|12;2.932764|13;116.842545|14;19.140911|15;3.873565|16;2.266101|17;2.114215|18;1.272342|19;29.782961|20;4.213065|21;13.593699|22;3.425730|23;17.423948|24;1.798061|25;14.518930|26;25.762114|27;2.129710|28;1.790562|29;6.247025|30;1.474356

PI(fElngtdnss; 6.50, 7.00, 7.50, 30.00, 35.00, 40.00):::PI(fElngtdnss; 6.50, 7.00, 7.50, 30.00, 35.00, 40.00):::Elngtdnss is high:::E.H:::PI:::PI(fElngtdnss; 6.50, 7.00, 7.50, 30.00, 35.00, 40.00):::0.000000:::1.000000:::fElngtdnss:::fElngtdnss:::1;0.650648|2;0.000000|3;0.000000|4;0.000000|5;0.000000|6;0.000000|7;0.000000|8;0.000000|9;0.000000|10;0.000000|11;0.000000|12;0.000000|13;0.000000|14;1.000000|15;0.000000|16;0.000000|17;0.000000|18;0.000000|19;1.000000|20;0.000000|21;1.000000|22;0.000000|23;1.000000|24;0.000000|25;1.000000|26;1.000000|27;0.000000|28;0.000000|29;0.000000|30;0.000000:::0.000000;0.000000|0.606061;0.000000|1.212121;0.000000|1.818182;0.000000|2.424242;0.000000|3.030303;0.000000|3.636364;0.000000|4.242424;0.000000|4.848485;0.000000|5.454545;0.000000|6.060606;0.000000|6.666667;0.055556|7.272727;0.896694|7.878788;1.000000|8.484849;1.000000|9.090909;1.000000|9.696970;1.000000|10.303031;1.000000|10.909091;1.000000|11.515152;1.000000|12.121212;1.000000|12.727273;1.000000|13.333334;1.000000|13.939394;1.000000|14.545455;1.000000|15.151516;1.000000|15.757576;1.000000|16.363636;1.000000|16.969698;1.000000|17.575758;1.000000|18.181818;1.000000|18.787880;1.000000|19.393940;1.000000|20.000000;1.000000|20.606062;1.000000|21.212122;1.000000|21.818182;1.000000|22.424244;1.000000|23.030304;1.000000|23.636364;1.000000|24.242424;1.000000|24.848486;1.000000|25.454546;1.000000|26.060606;1.000000|26.666668;1.000000|27.272728;1.000000|27.878788;1.000000|28.484850;1.000000|29.090910;1.000000|29.696970;1.000000|30.303032;0.998163|30.909092;0.983471|31.515152;0.954086|32.121212;0.910009|32.727272;0.851240|33.333336;0.777777|33.939396;0.689623|34.545456;0.586777|35.151516;0.470156|35.757576;0.359963|36.363636;0.264463|36.969700;0.183654|37.575760;0.117539|38.181820;0.066116|38.787880;0.029385|39.393940;0.007346|40.000000;0.000000|40.606060;0.000000|41.212124;0.000000|41.818184;0.000000|42.424244;0.000000|43.030304;0.000000|43.636364;0.000000|44.242424;0.000000|44.848488;0.000000|45.454548;0.000000|46.060608;0.000000|46.666668;0.000000|47.272728;0.000000|47.878788;0.000000|48.484848;0.000000|49.090912;0.000000|49.696972;0.000000|50.303032;0.000000|50.909092;0.000000|51.515152;0.000000|52.121212;0.000000|52.727276;0.000000|53.333336;0.000000|53.939396;0.000000|54.545456;0.000000|55.151516;0.000000|55.757576;0.000000|56.363640;0.000000|56.969700;0.000000|57.575760;0.000000|58.181820;0.000000|58.787880;0.000000|59.393940;0.000000|60.000000;0.000000:::6.500000|7.000000|7.500000|30.000000|35.000000|40.000000:::fElngtdnss

*****CnvxtyAndNoHole is high:::S(fCnvxtyAndNoHole; 0.45, 0.50, 0.55):::S(fCnvxtyAndNoHole; 0.45, 0.50, 0.55)

fCnvxtyAndNoHole:::fCnvxtyAndNoHole:::fCnvxtyAndNoHole::::::attribute:::fCnvxtyAndNoHole:::0.000000:::1.000000:::::::::1;0.507780|2;0.674068|3;0.336166|4;0.948775|5;0.481613|6;0.854186|7;0.511513|8;0.678216|9;0.530827|10;0.766274|11;0.886486|12;0.887971|13;0.285183|14;0.611828|15;0.640842|16;0.648033|17;0.628385|18;0.884744|19;0.511586|20;0.389680|21;0.605746|22;0.610921|23;0.648805|24;0.763068|25;0.587188|26;0.566484|27;0.764091|28;0.626619|29;0.768928|30;0.904443

S(fCnvxtyAndNoHole; 0.45, 0.50, 0.55):::S(fCnvxtyAndNoHole; 0.45, 0.50, 0.55):::CnvxtyAndNoHole is high:::C.H:::S:::S(fCnvxtyAndNoHole; 0.45, 0.50, 0.55):::0.000000:::1.000000:::fCnvxtyAndNoHole:::fCnvxtyAndNoHole:::1;0.643503|2;1.000000|3;0.000000|4;1.000000|5;0.199874|6;1.000000|7;0.703753|8;1.000000|9;0.926477|10;1.000000|11;1.000000|12;1.000000|13;0.000000|14;1.000000|15;1.000000|16;1.000000|17;1.000000|18;1.000000|19;0.704879|20;0.000000|21;1.000000|22;1.000000|23;1.000000|24;1.000000|25;1.000000|26;1.000000|27;1.000000|28;1.000000|29;1.000000|30;1.000000:::0.000000;0.000000|0.010101;0.000000|0.020202;0.000000|0.030303;0.000000|0.040404;0.000000|0.050505;0.000000|0.060606;0.000000|0.070707;0.000000|0.080808;0.000000|0.090909;0.000000|0.101010;0.000000|0.111111;0.000000|0.121212;0.000000|0.131313;0.000000|0.141414;0.000000|0.151515;0.000000|0.161616;0.000000|0.171717;0.000000|0.181818;0.000000|0.191919;0.000000|0.202020;0.000000|0.212121;0.000000|0.222222;0.000000|0.232323;0.000000|0.242424;0.000000|0.252525;0.000000|0.262626;0.000000|0.272727;0.000000|0.282828;0.000000|0.292929;0.000000|0.303030;0.000000|0.313131;0.000000|0.323232;0.000000|0.333333;0.000000|0.343434;0.000000|0.353535;0.000000|0.363636;0.000000|0.373737;0.000000|0.383838;0.000000|0.393939;0.000000|0.404040;0.000000|0.414141;0.000000|0.424242;0.000000|0.434343;0.000000|0.444444;0.000000|0.454545;0.004132|0.464646;0.042904|0.474747;0.122488|0.484848;0.242884|0.494949;0.404091|0.505050;0.595908|0.515152;0.757116|0.525253;0.877512|0.535354;0.957096|0.545455;0.995868|0.555556;1.000000|0.565657;1.000000|0.575758;1.000000|0.585859;1.000000|0.595960;1.000000|0.606061;1.000000|0.616162;1.000000|0.626263;1.000000|0.636364;1.000000|0.646465;1.000000|0.656566;1.000000|0.666667;1.000000|0.676768;1.000000|0.686869;1.000000|0.696970;1.000000|0.707071;1.000000|0.717172;1.000000|0.727273;1.000000|0.737374;1.000000|0.747475;1.000000|0.757576;1.000000|0.767677;1.000000|0.777778;1.000000|0.787879;1.000000|0.797980;1.000000|0.808081;1.000000|0.818182;1.000000|0.828283;1.000000|0.838384;1.000000|0.848485;1.000000|0.858586;1.000000|0.868687;1.000000|0.878788;1.000000|0.888889;1.000000|0.898990;1.000000|0.909091;1.000000|0.919192;1.000000|0.929293;1.000000|0.939394;1.000000|0.949495;1.000000|0.959596;1.000000|0.969697;1.000000|0.979798;1.000000|0.989899;1.000000|1.000000;1.000000:::0.450000|0.500000|0.550000:::fCnvxtyAndNoHole

